1,1,1,1,2
2,2,1,2,2
3,3,1,3,2
4,4,1,4,2
5,5,1,5,2
6,6,1,6,2
7,7,1,7,2
8,8,1,8,2
9,9,1,9,2
10,10,1,10,2
11,11,1,11,2
12,12,1,12,2
13,13,1,13,2
14,14,1,14,2
15,15,1,15,2
16,16,1,16,2
17,17,1,17,2
18,18,1,18,2
19,19,1,19,2
20,20,1,20,2
21,21,1,21,2
22,22,1,22,2
23,23,1,23,2
24,24,1,24,2
25,25,1,25,2
26,26,1,26,2
27,27,1,27,2
28,28,1,28,2
29,29,1,29,2
30,30,1,30,2
31,31,1,31,2
32,32,1,32,2
33,33,1,33,2
34,34,1,34,2
35,35,1,35,2
36,36,1,36,2
37,37,1,37,2
38,38,1,38,2
39,39,1,39,2
40,40,1,40,2
41,41,1,41,2
42,42,1,42,2
43,43,1,43,2
44,44,1,44,2
45,45,1,45,2
46,46,1,46,2
47,47,1,47,2
48,48,1,48,2
49,49,1,49,2
50,50,1,50,2
51,51,1,51,2
52,52,1,52,2
53,53,1,53,2
54,54,1,54,2
55,55,1,55,2
56,56,1,56,2
57,57,1,57,2
58,58,1,58,2
59,59,1,59,2
60,60,1,60,2
61,61,1,61,2
62,62,1,62,2
63,63,1,63,2
64,64,1,64,2
65,65,1,65,2
66,66,1,66,2
67,67,1,67,2
68,68,1,68,2
69,69,1,69,2
70,70,1,70,2
71,71,1,71,2
72,72,1,72,2
73,73,1,73,2
74,74,1,74,2
75,75,1,75,2
76,76,1,76,2
77,77,1,77,2
78,78,1,78,2
79,79,1,79,2
80,80,1,80,2
81,81,1,81,2
82,82,1,82,2
83,83,1,83,2
84,84,1,84,2
85,85,1,85,2
86,86,1,86,2
87,87,1,87,2
88,88,1,88,2
89,89,1,89,2
90,90,1,90,2
91,91,1,91,2
92,92,1,92,2
93,93,1,93,2
94,94,1,94,2
95,95,1,95,2
96,96,1,96,2
97,97,1,97,2
98,98,1,98,2
99,99,1,99,2
100,100,1,100,2
101,101,1,101,2
102,102,1,102,2
103,103,1,103,2
104,104,1,104,2
105,105,1,105,2
106,106,1,106,2
107,107,1,107,2
108,108,1,108,2
109,109,1,109,2
110,110,1,110,2
111,111,1,111,2
112,112,1,112,2
113,113,1,113,2
114,114,1,114,2
115,115,1,115,2
116,116,1,116,2
117,117,1,117,2
118,118,1,118,2
119,119,1,119,2
120,120,1,120,2
121,121,1,121,2
122,122,1,122,2
123,123,1,123,2
124,124,1,124,2
125,125,1,125,2
126,126,1,126,2
127,127,1,127,2
128,128,1,128,2
129,129,1,129,2
130,130,1,130,2
131,131,1,131,2
132,132,1,132,2
133,133,1,133,2
134,134,1,134,2
135,135,1,135,2
136,136,1,136,2
137,137,1,137,2
138,138,1,138,2
139,139,1,139,2
140,140,1,140,2
141,141,1,141,2
142,142,1,142,2
143,143,1,143,2
144,144,1,144,2
145,145,1,145,2
146,146,1,146,2
147,147,1,147,2
148,148,1,148,2
149,149,1,149,2
150,150,1,150,2
151,151,1,151,2
152,152,1,152,2
153,153,1,153,2
154,154,1,154,2
155,155,1,155,2
156,156,1,156,2
157,157,1,157,2
158,158,1,158,2
159,159,1,159,2
160,160,1,160,2
161,161,1,161,2
162,162,1,162,2
163,163,1,163,2
164,164,1,164,2
165,165,1,165,2
166,166,1,166,2
167,167,1,167,2
168,168,1,168,2
169,169,1,169,2
170,170,1,170,2
171,171,1,171,2
172,172,1,172,2
173,173,1,173,2
174,174,1,174,2
175,175,1,175,2
176,176,1,176,2
177,177,1,177,2
178,178,1,178,2
179,179,1,179,2
180,180,1,180,2
181,181,1,181,2
182,182,1,182,2
183,183,1,183,2
184,184,1,184,2
185,185,1,185,2
186,186,1,186,2
187,187,1,187,2
188,188,1,188,2
189,189,1,189,2
190,190,1,190,2
191,191,1,191,2
192,192,1,192,2
193,193,1,193,2
194,194,1,194,2
195,195,1,195,2
196,196,1,196,2
197,197,1,197,2
198,198,1,198,2
199,199,1,199,2
200,200,1,200,2
201,201,1,201,2
202,202,1,202,2
203,203,1,203,2
204,204,1,204,2
205,205,1,205,2
206,206,1,206,2
207,207,1,207,2
208,208,1,208,2
209,209,1,209,2
210,210,1,210,2
211,211,1,211,2
212,212,1,212,2
213,213,1,213,2
214,214,1,214,2
215,215,1,215,2
216,216,1,216,2
217,217,1,217,2
218,218,1,218,2
219,219,1,219,2
220,220,1,220,2
221,221,1,221,2
222,222,1,222,2
223,223,1,223,2
224,224,1,224,2
225,225,1,225,2
226,226,1,226,2
227,227,1,227,2
228,228,1,228,2
229,229,1,229,2
230,230,1,230,2
231,231,1,231,2
232,232,1,232,2
233,233,1,233,2
234,234,1,234,2
235,235,1,235,2
236,236,1,236,2
237,237,1,237,2
238,238,1,238,2
239,239,1,239,2
240,240,1,240,2
241,241,1,241,2
242,242,1,242,2
243,243,1,243,2
244,244,1,244,2
245,245,1,245,2
246,246,1,246,2
247,247,1,247,2
248,248,1,248,2
249,249,1,249,2
250,250,1,250,2
251,251,1,251,2
252,252,1,252,2
253,253,1,253,2
254,254,1,254,2
255,255,1,255,2
256,1,2,1,2
257,2,2,2,2
258,3,2,3,2
259,4,2,4,2
260,5,2,5,2
261,6,2,6,2
262,7,2,7,2
263,8,2,8,2
264,9,2,9,2
265,10,2,10,2
266,11,2,11,2
267,12,2,12,2
268,13,2,13,2
269,14,2,14,2
270,15,2,15,2
271,16,2,16,2
272,17,2,17,2
273,18,2,18,2
274,19,2,19,2
275,20,2,20,2
276,21,2,21,2
277,22,2,22,2
278,23,2,23,2
279,24,2,24,2
280,25,2,25,2
281,26,2,26,2
282,27,2,27,2
283,28,2,28,2
284,29,2,29,2
285,30,2,30,2
286,31,2,31,2
287,32,2,32,2
288,33,2,33,2
289,34,2,34,2
290,35,2,35,2
291,36,2,36,2
292,37,2,37,2
293,38,2,38,2
294,39,2,39,2
295,40,2,40,2
296,41,2,41,2
297,42,2,42,2
298,43,2,43,2
299,44,2,44,2
300,45,2,45,2
301,46,2,46,2
302,47,2,47,2
303,48,2,48,2
304,49,2,49,2
305,50,2,50,2
306,51,2,51,2
307,52,2,52,2
308,53,2,53,2
309,54,2,54,2
310,55,2,55,2
311,56,2,56,2
312,57,2,57,2
313,58,2,58,2
314,59,2,59,2
315,60,2,60,2
316,61,2,61,2
317,62,2,62,2
318,63,2,63,2
319,64,2,64,2
320,65,2,65,2
321,66,2,66,2
322,67,2,67,2
323,68,2,68,2
324,69,2,69,2
325,70,2,70,2
326,71,2,71,2
327,72,2,72,2
328,73,2,73,2
329,74,2,74,2
330,75,2,75,2
331,76,2,76,2
332,77,2,77,2
333,78,2,78,2
334,79,2,79,2
335,80,2,80,2
336,81,2,81,2
337,82,2,82,2
338,83,2,83,2
339,84,2,84,2
340,85,2,85,2
341,86,2,86,2
342,87,2,87,2
343,88,2,88,2
344,89,2,89,2
345,90,2,90,2
346,91,2,91,2
347,92,2,92,2
348,93,2,93,2
349,94,2,94,2
350,95,2,95,2
351,96,2,96,2
352,97,2,97,2
353,98,2,98,2
354,99,2,99,2
355,100,2,100,2
356,101,2,101,2
357,102,2,102,2
358,103,2,103,2
359,104,2,104,2
360,105,2,105,2
361,106,2,106,2
362,107,2,107,2
363,108,2,108,2
364,109,2,109,2
365,110,2,110,2
366,111,2,111,2
367,112,2,112,2
368,113,2,113,2
369,114,2,114,2
370,115,2,115,2
371,116,2,116,2
372,117,2,117,2
373,118,2,118,2
374,119,2,119,2
375,120,2,120,2
376,121,2,121,2
377,122,2,122,2
378,123,2,123,2
379,124,2,124,2
380,125,2,125,2
381,126,2,126,2
382,127,2,127,2
383,128,2,128,2
384,129,2,129,2
385,130,2,130,2
386,131,2,131,2
387,132,2,132,2
388,133,2,133,2
389,134,2,134,2
390,135,2,135,2
391,136,2,136,2
392,137,2,137,2
393,138,2,138,2
394,139,2,139,2
395,140,2,140,2
396,141,2,141,2
397,142,2,142,2
398,143,2,143,2
399,144,2,144,2
400,145,2,145,2
401,146,2,146,2
402,147,2,147,2
403,148,2,148,2
404,149,2,149,2
405,150,2,150,2
406,151,2,151,2
407,152,2,152,2
408,153,2,153,2
409,154,2,154,2
410,155,2,155,2
411,156,2,156,2
412,157,2,157,2
413,158,2,158,2
414,159,2,159,2
415,160,2,160,2
416,161,2,161,2
417,162,2,162,2
418,163,2,163,2
419,164,2,164,2
420,165,2,165,2
421,166,2,166,2
422,167,2,167,2
423,168,2,168,2
424,169,2,169,2
425,170,2,170,2
426,171,2,171,2
427,172,2,172,2
428,173,2,173,2
429,174,2,174,2
430,175,2,175,2
431,176,2,176,2
432,177,2,177,2
433,178,2,178,2
434,179,2,179,2
435,180,2,180,2
436,181,2,181,2
437,182,2,182,2
438,183,2,183,2
439,184,2,184,2
440,185,2,185,2
441,186,2,186,2
442,187,2,187,2
443,188,2,188,2
444,189,2,189,2
445,190,2,190,2
446,191,2,191,2
447,192,2,192,2
448,193,2,193,2
449,194,2,194,2
450,195,2,195,2
451,196,2,196,2
452,197,2,197,2
453,198,2,198,2
454,199,2,199,2
455,200,2,200,2
456,201,2,201,2
457,202,2,202,2
458,203,2,203,2
459,204,2,204,2
460,205,2,205,2
461,206,2,206,2
462,207,2,207,2
463,208,2,208,2
464,209,2,209,2
465,210,2,210,2
466,211,2,211,2
467,212,2,212,2
468,213,2,213,2
469,214,2,214,2
470,215,2,215,2
471,216,2,216,2
472,217,2,217,2
473,218,2,218,2
474,219,2,219,2
475,220,2,220,2
476,221,2,221,2
477,222,2,222,2
478,223,2,223,2
479,224,2,224,2
480,225,2,225,2
481,226,2,226,2
482,227,2,227,2
483,228,2,228,2
484,229,2,229,2
485,230,2,230,2
486,231,2,231,2
487,232,2,232,2
488,233,2,233,2
489,234,2,234,2
490,235,2,235,2
491,236,2,236,2
492,237,2,237,2
493,238,2,238,2
494,239,2,239,2
495,240,2,240,2
496,241,2,241,2
497,242,2,242,2
498,243,2,243,2
499,244,2,244,2
500,245,2,245,2
501,246,2,246,2
502,247,2,247,2
503,248,2,248,2
504,249,2,249,2
505,250,2,250,2
506,251,2,251,2
507,252,2,252,2
508,253,2,253,2
509,254,2,254,2
510,255,2,255,2
